25635
25602
25527
25290
25267
25219
25218
24731
24699
24630
24607
24492
24456
24448
24343
24315
24313
23917
23916
23303
23247
23239
23228
23028
22816
22597
21958
21957
21954
21466
20536
20470
20468
20393
20301
20222
20054
19848
19843
19783
19703
19569
19121
19095
18481
18480
18335
18325
18237
17969
17968
17854
17852
17547
17486
17356
17355
17338
17253
17244
17217
16526
16524
15779
15776
15521
15489
15482
15462
15157
15094
15093
14885
14777
13685
13683
13575
13551
13378
13197
13088
12995
12922
12874
12301
12208
12207
11892
11887
11711
11361
11357
11002
10579
10484
10255
10252
10000
09915
09649
09636
09536
09474
09469
09399
09367
09335
09276
09268
09199
09116
09042
08818
08798
08794
08793
08792
08772
08643
08516
08230
08007
07964
07755
07653
07649
07515
07467
07055
06710
06696
06445
06072
06069
06058
06057
05648
05552
05541
05532
05210
04925
04919
04619
04571
04570
04332
04321
04318
04139
04083
04073
03626
03582
03516
03513
03204
02830
02687
02685
02493
02473
02294
02190
01911
01695
01640
01589
01308
01307
01284
